prs = [
  2291, 2297, 239, 889, 2329, 2361, 2383, 3253, 4197, 2493, 2401, 2414, 2419,
  1176, 2482, 2199, 2250, 2911, 185, 3343, 2707, 2328, 2328, 2331, 2333, 1958,
  1007, 2405, 3079, 3082, 960, 1165, 742, 746, 2150, 2016, 2378, 1398, 1444,
  3068, 67, 3652, 3658, 1247, 216, 727, 3071, 3072, 3077, 3084, 788, 3867, 3869,
  2093, 2103, 2104, 2105, 2018, 975, 976, 991, 992, 2510, 2022, 2868, 1433,
  1435, 3887, 2830, 1168, 1171, 1174, 1183, 1192, 211, 1410, 2533, 660, 820,
  3777, 3790, 1190, 1195, 2411, 3819, 3833, 3835, 2577, 2580, 2901, 3864, 469,
  2132, 3036, 3862, 3871, 1481, 3023, 3365, 4144, 4150, 1950, 2334, 2904, 3019,
  1970, 4241, 4258, 4286, 3001, 2514, 4281, 4283, 4298, 3552, 3554, 3556, 3609,
  3610, 3876, 3877, 1081, 2688, 3242, 3794, 3796, 2528, 2113, 1119, 1152, 4168,
  3985, 2448, 4340, 4339, 643, 650, 656, 468, 2228, 2633, 2646, 1144, 3184,
  3568, 2700, 2682, 2548, 3824, 3428, 514, 722, 595, 3265, 3306, 1084, 1188,
  1310,
];

commits = [
  "68f6d8263d8c795722805f0e4d6939e7a8b9ed48",
  "c6c30a35438d696a1fffb418f7e39427042e25e6",
  "3bfef0ff767ebf96c7a6d0700f5eb09d9cfda33e",
  "5eb3a279798c2b1ed0082ea739eec5729042f08c",
  "8e6c922e6da5ef68bd10e77bcd05d59af5e2be29",
  "65c4c45fc235a301248035ad78852d8a4b87da45",
  "ce035a8084874da3004cded844221629a9a3bc2e",
  "c60c92697f782209875f21fad8b4fdecc3fdcd12",
  "6018b2d74cdc998013d918f0453c917ca00a855d",
  "83b00d6a8e61ce2683580aed1a67a37c26313ccb",
  "a534dde8d1fd9672d6885a43d7bf285dadffcc5d",
  "dc76e2a6a00964990fa50ec091d96473616aba87",
  "7e6373d4dfa87b1fce690a1387c8eb9edce3af3b",
  "0e8f2f39af666f50435b784c41c3d3767cfc4f7e",
];